API_KEY=scoooooooooooo
HOME_LAT=23.123456
HOME_LON=123.123456